3.00000000 -4.00000000
1.79259272 -3.51703709
1.91333345 -1.82666689
-1.40703658 -1.94740762
-1.40703658 -1.94740762
-1.40703658 -1.94740762
-1.40703658 -1.94740762
-1.12782365 -0.93620402
-1.12782365 -0.93620402
-1.48627269 -1.60782432
-0.95897529 -1.10788224
-1.17522382 -1.14702865
-0.22875328 -0.16671770
-0.22875328 -0.16671770
0.76159483 0.72041419
0.76159483 0.72041419
0.76159483 0.72041419
0.97627367 1.01208146
1.09497491 1.07149011
0.89860956 0.88109999
0.98653296 0.99418826
0.98653296 0.99418826
0.98653296 0.99418826
1.03269390 1.03024447
1.03269390 1.03024447
0.99170793 0.99452946
0.98663641 0.98594191
1.01093303 1.01024008
0.99524633 0.99631022
0.99486304 0.99460853
1.00299386 1.00284973
1.00299386 1.00284973
0.99745183 0.99739661
0.99865512 0.99882142
1.00052367 1.00047937
1.00052367 1.00047937
1.00052367 1.00047937
1.00052367 1.00047937
0.99981456 0.99983902
0.99981456 0.99983902
1.00017268 1.00014771
1.00007602 1.00009351
